-0.200000 0.000000
-0.194600 0.000000
-0.189200 0.000000
-0.183800 0.000000
-0.178400 0.000000
-0.173000 0.000000
-0.167600 0.000000
-0.162200 0.000000
-0.156800 0.000000
-0.151400 0.000000
-0.146000 0.000000
-0.140600 0.000000
-0.135200 0.000000
-0.129800 0.000000
-0.124400 0.000000
-0.119000 0.000000
-0.113600 0.000000
-0.108200 0.000000
-0.102800 0.000000
-0.097400 0.000000
-0.092000 0.000000
-0.086600 0.000000
-0.081200 0.000000
-0.075800 0.000000
-0.070400 0.000000
-0.065000 0.000000
-0.059600 0.000000
-0.054200 0.000000
-0.048800 0.000000
-0.043400 0.000000
-0.038000 0.000000
-0.032600 0.000000
-0.027200 0.000000
-0.021800 0.000000
-0.016400 0.000000
-0.011000 0.000000
-0.005600 0.000000
-0.000200 0.000000
0.005200 -0.010400
0.010600 -0.021200
0.016000 -0.032000
0.021400 -0.042800
0.026800 -0.053600
0.032200 -0.064400
0.037600 -0.075200
0.043000 -0.086000
0.048400 -0.096800
0.053800 -0.107600
0.059200 -0.118400
0.064600 -0.129200
0.070000 -0.140000
0.075400 -0.150800
0.080800 -0.161600
0.086200 -0.172400
0.091600 -0.183200
0.097000 -0.194000
0.102400 -0.204800
0.107800 -0.215600
0.113200 -0.226400
0.118600 -0.237200
0.124000 -0.248000
0.129400 -0.258800
0.134800 -0.269600
0.140200 -0.280400
0.145600 -0.291200
0.151000 -0.302000
0.156400 -0.312800
0.161800 -0.323600
0.167200 -0.334400
0.172600 -0.345200
0.178000 -0.356000
0.183400 -0.366800
0.188800 -0.377600
0.194200 -0.388400
0.199600 -0.399200
0.205000 -0.410000
0.210400 -0.420800
0.215800 -0.431600
0.221200 -0.442400
0.226600 -0.453200
0.232000 -0.464000
0.237400 -0.474800
0.242800 -0.485600
0.248200 -0.496400
0.253600 -0.507200
0.259000 -0.518000
0.264400 -0.528800
0.269800 -0.539600
0.275200 -0.550400
0.280600 -0.561200
0.286000 -0.572000
0.291400 -0.582800
0.296800 -0.593600
0.302200 -0.604400
0.307600 -0.615200
0.313000 -0.626000
0.318400 -0.636800
0.323800 -0.647600
0.329200 -0.658400
0.334600 -0.669200
0.340000 -0.680000
0.345400 -0.690800
0.350800 -0.701600
0.356200 -0.712400
0.361600 -0.723200
0.367000 -0.734000
0.372400 -0.744800
0.377800 -0.755600
0.383200 -0.766400
0.388600 -0.777200
0.394000 -0.788000
0.399400 -0.798800
0.404800 -0.809600
0.410200 -0.820400
0.415600 -0.831200
0.421000 -0.842000
0.426400 -0.852800
0.431800 -0.863600
0.437200 -0.874400
0.442600 -0.885200
0.448000 -0.896000
0.453400 -0.906800
0.458800 -0.917600
0.464200 -0.928400
0.469600 -0.939200
0.475000 -0.950000
0.480400 -0.960800
0.485800 -0.971600
0.491200 -0.982400
0.496600 -0.993200
0.502000 -1.004000
0.507400 -1.014800
0.512800 -1.025600
0.518200 -1.036400
0.523600 -1.047200
0.529000 -1.058000
0.534400 -1.068800
0.539800 -1.079600
0.545200 -1.090400
0.550600 -1.101200
0.556000 -1.112000
0.561400 -1.122800
0.566800 -1.133600
0.572200 -1.144400
0.577600 -1.155200
0.583000 -1.166000
0.588400 -1.176800
0.593800 -1.187600
0.599200 -1.198400
0.604600 -1.209200
0.610000 -1.220000
0.615400 -1.230800
0.620800 -1.241600
0.626200 -1.252400
0.631600 -1.263200
0.637000 -1.274000
0.642400 -1.284800
0.647800 -1.295600
0.653200 -1.306400
0.658600 -1.317200
0.664000 -1.328000
0.669400 -1.338800
0.674800 -1.349600
0.680200 -1.360400
0.685600 -1.371200
0.691000 -1.382000
0.696400 -1.392800
0.701800 -1.403600
0.707200 -1.414400
0.712600 -1.425200
0.718000 -1.436000
0.723400 -1.446800
0.728800 -1.457600
0.734200 -1.468400
0.739600 -1.479200
0.745000 -1.490000
0.750400 -1.500800
0.755800 -1.511600
0.761200 -1.522400
0.766600 -1.533200
0.772000 -1.544000
0.777400 -1.554800
0.782800 -1.565600
0.788200 -1.576400
0.793600 -1.587200
0.799000 -1.598000
0.804400 -1.608800
0.809800 -1.619600
0.815200 -1.630400
0.820600 -1.641200
0.826000 -1.652000
0.831400 -1.662800
0.836800 -1.673600
0.842200 -1.684400
0.847600 -1.695200
0.853000 -1.706000
0.858400 -1.716800
0.863800 -1.727600
0.869200 -1.738400
0.874600 -1.749200
0.880000 -1.760000
0.885400 -1.770800
0.890800 -1.781600
0.896200 -1.792400
0.901600 -1.803200
0.907000 -1.814000
0.912400 -1.824800
0.917800 -1.835600
0.923200 -1.846400
0.928600 -1.857200
0.934000 -1.868000
0.939400 -1.878800
0.944800 -1.889600
0.950200 -1.900400
0.955600 -1.911200
0.961000 -1.922000
0.966400 -1.932800
0.971800 -1.943600
0.977200 -1.954400
0.982600 -1.965200
0.988000 -1.976000
0.993400 -1.986800
0.998800 -1.997600
1.004200 -2.008400
1.009600 -2.019200
1.015000 -2.030000
1.020400 -2.040800
1.025800 -2.051600
1.031200 -2.062400
1.036600 -2.073200
1.042000 -2.084000
1.047400 -2.094800
1.052800 -2.105600
1.058200 -2.116400
1.063600 -2.127200
1.069000 -2.138000
1.074400 -2.148800
1.079800 -2.159600
1.085200 -2.170400
1.090600 -2.181200
1.096000 -2.192000
1.101400 -2.202800
1.106800 -2.213600
1.112200 -2.224400
1.117600 -2.235200
1.123000 -2.246000
1.128400 -2.256800
1.133800 -2.267600
1.139200 -2.278400
1.144600 -2.289200
1.150000 -2.300000
1.155400 -2.310800
1.160800 -2.321600
1.166200 -2.332400
1.171600 -2.343200
1.177000 -2.354000
1.182400 -2.364800
1.187800 -2.375600
1.193200 -2.386400
1.198600 -2.397200
1.204000 -2.408000
1.209400 -2.418800
1.214800 -2.429600
1.220200 -2.440400
1.225600 -2.451200
1.231000 -2.462000
1.236400 -2.472800
1.241800 -2.483600
1.247200 -2.494400
1.252600 -2.505200
1.258000 -2.516000
1.263400 -2.526800
1.268800 -2.537600
1.274200 -2.548400
1.279600 -2.559200
1.285000 -2.570000
1.290400 -2.580800
1.295800 -2.591600
1.301200 -2.602400
1.306600 -2.613200
1.312000 -2.624000
1.317400 -2.634800
1.322800 -2.645600
1.328200 -2.656400
1.333600 -2.667200
1.339000 -2.678000
1.344400 -2.688800
1.349800 -2.699600
1.355200 -2.710400
1.360600 -2.721200
1.366000 -2.732000
1.371400 -2.742800
1.376800 -2.753600
1.382200 -2.764400
1.387600 -2.775200
1.393000 -2.786000
1.398400 -2.796800
1.403800 -2.807600
1.409200 -2.818400
1.414600 -2.829200
1.420000 -2.840000
1.425400 -2.850800
1.430800 -2.861600
1.436200 -2.872400
1.441600 -2.883200
1.447000 -2.894000
1.452400 -2.904800
1.457800 -2.915600
1.463200 -2.926400
1.468600 -2.937200
1.474000 -2.948000
1.479400 -2.958800
1.484800 -2.969600
1.490200 -2.980400
1.495600 -2.991200
1.501000 -2.993800
1.506400 -2.960320
1.511800 -2.926840
1.517200 -2.893360
1.522600 -2.859880
1.528000 -2.826400
1.533400 -2.792920
1.538800 -2.759440
1.544200 -2.725960
1.549600 -2.692480
1.555000 -2.659000
1.560400 -2.625520
1.565800 -2.592040
1.571200 -2.558560
1.576600 -2.525080
1.582000 -2.491600
1.587400 -2.458120
1.592800 -2.424640
1.598200 -2.391160
1.603600 -2.357680
1.609000 -2.324200
1.614400 -2.290720
1.619800 -2.257240
1.625200 -2.223760
1.630600 -2.190280
1.636000 -2.156800
1.641400 -2.123320
1.646800 -2.089840
1.652200 -2.056360
1.657600 -2.022880
1.663000 -1.989400
1.668400 -1.955920
1.673800 -1.922440
1.679200 -1.888960
1.684600 -1.855480
1.690000 -1.822000
1.695400 -1.788520
1.700800 -1.755040
1.706200 -1.721560
1.711600 -1.688080
1.717000 -1.654600
1.722400 -1.621120
1.727800 -1.587640
1.733200 -1.554160
1.738600 -1.520680
1.744000 -1.487200
1.749400 -1.453720
1.754800 -1.420240
1.760200 -1.386760
1.765600 -1.353280
1.771000 -1.319800
1.776400 -1.286320
1.781800 -1.252840
1.787200 -1.219360
1.792600 -1.185880
1.798000 -1.152400
1.803400 -1.118920
1.808800 -1.085440
1.814200 -1.051960
1.819600 -1.018480
1.825000 -0.985000
1.830400 -0.951520
1.835800 -0.918040
1.841200 -0.884560
1.846600 -0.851080
1.852000 -0.817600
1.857400 -0.784120
1.862800 -0.750640
1.868200 -0.717160
1.873600 -0.683680
1.879000 -0.650200
1.884400 -0.616720
1.889800 -0.583240
1.895200 -0.549760
1.900600 -0.516280
1.906000 -0.482800
1.911400 -0.449320
1.916800 -0.415840
1.922200 -0.382360
1.927600 -0.348880
1.933000 -0.315400
1.938400 -0.281920
1.943800 -0.248440
1.949200 -0.214960
1.954600 -0.181480
1.960000 -0.148000
1.965400 -0.114520
1.970800 -0.081040
1.976200 -0.047560
1.981600 -0.014080
1.987000 0.019400
1.992400 0.052880
1.997800 0.086360
2.003200 0.100000
2.008600 0.100000
2.014000 0.100000
2.019400 0.100000
2.024800 0.100000
2.030200 0.100000
2.035600 0.100000
2.041000 0.100000
2.046400 0.100000
2.051800 0.100000
2.057200 0.100000
2.062600 0.100000
2.068000 0.100000
2.073400 0.100000
2.078800 0.100000
2.084200 0.100000
2.089600 0.100000
2.095000 0.100000
2.100400 0.100000
2.105800 0.100000
2.111200 0.100000
2.116600 0.100000
2.122000 0.100000
2.127400 0.100000
2.132800 0.100000
2.138200 0.100000
2.143600 0.100000
2.149000 0.100000
2.154400 0.100000
2.159800 0.100000
2.165200 0.100000
2.170600 0.100000
2.176000 0.100000
2.181400 0.100000
2.186800 0.100000
2.192200 0.100000
2.197600 0.100000
2.203000 0.100000
2.208400 0.100000
2.213800 0.100000
2.219200 0.100000
2.224600 0.100000
2.230000 0.100000
2.235400 0.100000
2.240800 0.100000
2.246200 0.100000
2.251600 0.100000
2.257000 0.100000
2.262400 0.100000
2.267800 0.100000
2.273200 0.100000
2.278600 0.100000
2.284000 0.100000
2.289400 0.100000
2.294800 0.100000
2.300200 0.100000
2.305600 0.100000
2.311000 0.100000
2.316400 0.100000
2.321800 0.100000
2.327200 0.100000
2.332600 0.100000
2.338000 0.100000
2.343400 0.100000
2.348800 0.100000
2.354200 0.100000
2.359600 0.100000
2.365000 0.100000
2.370400 0.100000
2.375800 0.100000
2.381200 0.100000
2.386600 0.100000
2.392000 0.100000
2.397400 0.100000
2.402800 0.100000
2.408200 0.100000
2.413600 0.100000
2.419000 0.100000
2.424400 0.100000
2.429800 0.100000
2.435200 0.100000
2.440600 0.100000
2.446000 0.100000
2.451400 0.100000
2.456800 0.100000
2.462200 0.100000
2.467600 0.100000
2.473000 0.100000
2.478400 0.100000
2.483800 0.100000
2.489200 0.100000
2.494600 0.100000
2.500000 0.100000
2.505400 0.100000
2.510800 0.100000
2.516200 0.100000
2.521600 0.100000
2.527000 0.100000
2.532400 0.100000
2.537800 0.100000
2.543200 0.100000
2.548600 0.100000
2.554000 0.100000
2.559400 0.100000
2.564800 0.100000
2.570200 0.100000
2.575600 0.100000
2.581000 0.100000
2.586400 0.100000
2.591800 0.100000
2.597200 0.100000
2.602600 0.100000
2.608000 0.100000
2.613400 0.100000
2.618800 0.100000
2.624200 0.100000
2.629600 0.100000
2.635000 0.100000
2.640400 0.100000
2.645800 0.100000
2.651200 0.100000
2.656600 0.100000
2.662000 0.100000
2.667400 0.100000
2.672800 0.100000
2.678200 0.100000
2.683600 0.100000
2.689000 0.100000
2.694400 0.100000
2.699800 0.100000
2.705200 0.100000
2.710600 0.100000
2.716000 0.100000
2.721400 0.100000
2.726800 0.100000
2.732200 0.100000
2.737600 0.100000
2.743000 0.100000
2.748400 0.100000
2.753800 0.100000
2.759200 0.100000
2.764600 0.100000
2.770000 0.100000
2.775400 0.100000
2.780800 0.100000
2.786200 0.100000
2.791600 0.100000
2.797000 0.100000
2.802400 0.100000
2.807800 0.100000
2.813200 0.100000
2.818600 0.100000
2.824000 0.100000
2.829400 0.100000
2.834800 0.100000
2.840200 0.100000
2.845600 0.100000
2.851000 0.100000
2.856400 0.100000
2.861800 0.100000
2.867200 0.100000
2.872600 0.100000
2.878000 0.100000
2.883400 0.100000
2.888800 0.100000
2.894200 0.100000
2.899600 0.100000
2.905000 0.100000
2.910400 0.100000
2.915800 0.100000
2.921200 0.100000
2.926600 0.100000
2.932000 0.100000
2.937400 0.100000
2.942800 0.100000
2.948200 0.100000
2.953600 0.100000
2.959000 0.100000
2.964400 0.100000
2.969800 0.100000
2.975200 0.100000
2.980600 0.100000
2.986000 0.100000
2.991400 0.100000
2.996800 0.100000
3.002200 0.100000
3.007600 0.100000
3.013000 0.100000
3.018400 0.100000
3.023800 0.100000
3.029200 0.100000
3.034600 0.100000
3.040000 0.100000
3.045400 0.100000
3.050800 0.100000
3.056200 0.100000
3.061600 0.100000
3.067000 0.100000
3.072400 0.100000
3.077800 0.100000
3.083200 0.100000
3.088600 0.100000
3.094000 0.100000
3.099400 0.100000
3.104800 0.100000
3.110200 0.100000
3.115600 0.100000
3.121000 0.100000
3.126400 0.100000
3.131800 0.100000
3.137200 0.100000
3.142600 0.100000
3.148000 0.100000
3.153400 0.100000
3.158800 0.100000
3.164200 0.100000
3.169600 0.100000
3.175000 0.100000
3.180400 0.100000
3.185800 0.100000
3.191200 0.100000
3.196600 0.100000
3.202000 0.100000
3.207400 0.100000
3.212800 0.100000
3.218200 0.100000
3.223600 0.100000
3.229000 0.100000
3.234400 0.100000
3.239800 0.100000
3.245200 0.100000
3.250600 0.100000
3.256000 0.100000
3.261400 0.100000
3.266800 0.100000
3.272200 0.100000
3.277600 0.100000
3.283000 0.100000
3.288400 0.100000
3.293800 0.100000
3.299200 0.100000
3.304600 0.100000
3.310000 0.100000
3.315400 0.100000
3.320800 0.100000
3.326200 0.100000
3.331600 0.100000
3.337000 0.100000
3.342400 0.100000
3.347800 0.100000
3.353200 0.100000
3.358600 0.100000
3.364000 0.100000
3.369400 0.100000
3.374800 0.100000
3.380200 0.100000
3.385600 0.100000
3.391000 0.100000
3.396400 0.100000
3.401800 0.100000
3.407200 0.100000
3.412600 0.100000
3.418000 0.100000
3.423400 0.100000
3.428800 0.100000
3.434200 0.100000
3.439600 0.100000
3.445000 0.100000
3.450400 0.100000
3.455800 0.100000
3.461200 0.100000
3.466600 0.100000
3.472000 0.100000
3.477400 0.100000
3.482800 0.100000
3.488200 0.100000
3.493600 0.100000
3.499000 0.100000
3.504400 0.100000
3.509800 0.100000
3.515200 0.100000
3.520600 0.100000
3.526000 0.100000
3.531400 0.100000
3.536800 0.100000
3.542200 0.100000
3.547600 0.100000
3.553000 0.100000
3.558400 0.100000
3.563800 0.100000
3.569200 0.100000
3.574600 0.100000
3.580000 0.100000
3.585400 0.100000
3.590800 0.100000
3.596200 0.100000
3.601600 0.100000
3.607000 0.100000
3.612400 0.100000
3.617800 0.100000
3.623200 0.100000
3.628600 0.100000
3.634000 0.100000
3.639400 0.100000
3.644800 0.100000
3.650200 0.100000
3.655600 0.100000
3.661000 0.100000
3.666400 0.100000
3.671800 0.100000
3.677200 0.100000
3.682600 0.100000
3.688000 0.100000
3.693400 0.100000
3.698800 0.100000
3.704200 0.100000
3.709600 0.100000
3.715000 0.100000
3.720400 0.100000
3.725800 0.100000
3.731200 0.100000
3.736600 0.100000
3.742000 0.100000
3.747400 0.100000
3.752800 0.100000
3.758200 0.100000
3.763600 0.100000
3.769000 0.100000
3.774400 0.100000
3.779800 0.100000
3.785200 0.100000
3.790600 0.100000
3.796000 0.100000
3.801400 0.100000
3.806800 0.100000
3.812200 0.100000
3.817600 0.100000
3.823000 0.100000
3.828400 0.100000
3.833800 0.100000
3.839200 0.100000
3.844600 0.100000
3.850000 0.100000
3.855400 0.100000
3.860800 0.100000
3.866200 0.100000
3.871600 0.100000
3.877000 0.100000
3.882400 0.100000
3.887800 0.100000
3.893200 0.100000
3.898600 0.100000
3.904000 0.100000
3.909400 0.100000
3.914800 0.100000
3.920200 0.100000
3.925600 0.100000
3.931000 0.100000
3.936400 0.100000
3.941800 0.100000
3.947200 0.100000
3.952600 0.100000
3.958000 0.100000
3.963400 0.100000
3.968800 0.100000
3.974200 0.100000
3.979600 0.100000
3.985000 0.100000
3.990400 0.100000
3.995800 0.100000
4.001200 0.100000
4.006600 0.100000
4.012000 0.100000
4.017400 0.100000
4.022800 0.100000
4.028200 0.100000
4.033600 0.100000
4.039000 0.100000
4.044400 0.100000
4.049800 0.100000
4.055200 0.100000
4.060600 0.100000
4.066000 0.100000
4.071400 0.100000
4.076800 0.100000
4.082200 0.100000
4.087600 0.100000
4.093000 0.100000
4.098400 0.100000
4.103800 0.100000
4.109200 0.100000
4.114600 0.100000
4.120000 0.100000
4.125400 0.100000
4.130800 0.098989
4.136200 0.092161
4.141600 0.085333
4.147000 0.078506
4.152400 0.071678
4.157800 0.064851
4.163200 0.058023
4.168600 0.051195
4.174000 0.044368
4.179400 0.037540
4.184800 0.030713
4.190200 0.023885
4.195600 0.017057
4.201000 0.010230
4.206400 0.003402
4.211800 -0.003425
4.217200 -0.010253
4.222600 -0.017080
4.228000 -0.023908
4.233400 -0.030736
4.238800 -0.037563
4.244200 -0.044391
4.249600 -0.051218
4.255000 -0.058046
4.260400 -0.064874
4.265800 -0.071701
4.271200 -0.078529
4.276600 -0.085356
4.282000 -0.092184
4.287400 -0.099011
4.292800 -0.105839
4.298200 -0.112667
4.303600 -0.119494
4.309000 -0.126322
4.314400 -0.133149
4.319800 -0.139977
4.325200 -0.146805
4.330600 -0.153632
4.336000 -0.160460
4.341400 -0.167287
4.346800 -0.174115
4.352200 -0.180943
4.357600 -0.187770
4.363000 -0.194598
4.368400 -0.201425
4.373800 -0.208253
4.379200 -0.215080
4.384600 -0.221908
4.390000 -0.228736
4.395400 -0.235563
4.400800 -0.242391
4.406200 -0.249218
4.411600 -0.256046
4.417000 -0.262874
4.422400 -0.269701
4.427800 -0.276529
4.433200 -0.283356
4.438600 -0.290184
4.444000 -0.297011
4.449400 -0.303839
4.454800 -0.310667
4.460200 -0.317494
4.465600 -0.324322
4.471000 -0.331149
4.476400 -0.337977
4.481800 -0.344805
4.487200 -0.351632
4.492600 -0.358460
4.498000 -0.365287
4.503400 -0.372115
4.508800 -0.378943
4.514200 -0.385770
4.519600 -0.392598
4.525000 -0.399425
4.530400 -0.406253
4.535800 -0.413080
4.541200 -0.419908
4.546600 -0.426736
4.552000 -0.433563
4.557400 -0.440391
4.562800 -0.447218
4.568200 -0.454046
4.573600 -0.460874
4.579000 -0.467701
4.584400 -0.474529
4.589800 -0.481356
4.595200 -0.488184
4.600600 -0.495011
4.606000 -0.501839
4.611400 -0.508667
4.616800 -0.515494
4.622200 -0.522322
4.627600 -0.529149
4.633000 -0.535977
4.638400 -0.542805
4.643800 -0.549632
4.649200 -0.556460
4.654600 -0.563287
4.660000 -0.570115
4.665400 -0.576943
4.670800 -0.583770
4.676200 -0.590598
4.681600 -0.597425
4.687000 -0.604253
4.692400 -0.611080
4.697800 -0.617908
4.703200 -0.624736
4.708600 -0.631563
4.714000 -0.638391
4.719400 -0.645218
4.724800 -0.652046
4.730200 -0.658874
4.735600 -0.665701
4.741000 -0.672529
4.746400 -0.679356
4.751800 -0.686184
4.757200 -0.693011
4.762600 -0.699839
4.768000 -0.706667
4.773400 -0.713494
4.778800 -0.720322
4.784200 -0.727149
4.789600 -0.733977
4.795000 -0.740805
4.800400 -0.747632
4.805800 -0.754460
4.811200 -0.761287
4.816600 -0.768115
4.822000 -0.774943
4.827400 -0.781770
4.832800 -0.788598
4.838200 -0.795425
4.843600 -0.802253
4.849000 -0.809080
4.854400 -0.815908
4.859800 -0.822736
4.865200 -0.829563
4.870600 -0.836391
4.876000 -0.843218
4.881400 -0.850046
4.886800 -0.856874
4.892200 -0.863701
4.897600 -0.870529
4.903000 -0.877356
4.908400 -0.884184
4.913800 -0.891011
4.919200 -0.897839
4.924600 -0.904667
4.930000 -0.911494
4.935400 -0.918322
4.940800 -0.925149
4.946200 -0.931977
4.951600 -0.938805
4.957000 -0.945632
4.962400 -0.952460
4.967800 -0.959287
4.973200 -0.966115
4.978600 -0.972943
4.984000 -0.979770
4.989400 -0.986598
4.994800 -0.993425
5.000200 -1.000000
5.005600 -1.000000
5.011000 -1.000000
5.016400 -1.000000
5.021800 -1.000000
5.027200 -1.000000
5.032600 -1.000000
5.038000 -1.000000
5.043400 -1.000000
5.048800 -1.000000
5.054200 -1.000000
5.059600 -1.000000
5.065000 -1.000000
5.070400 -1.000000
5.075800 -1.000000
5.081200 -1.000000
5.086600 -1.000000
5.092000 -1.000000
5.097400 -1.000000
5.102800 -1.000000
5.108200 -1.000000
5.113600 -1.000000
5.119000 -1.000000
5.124400 -1.000000
5.129800 -1.000000
5.135200 -1.000000
5.140600 -1.000000
5.146000 -1.000000
5.151400 -1.000000
5.156800 -1.000000
5.162200 -1.000000
5.167600 -1.000000
5.173000 -1.000000
5.178400 -1.000000
5.183800 -1.000000
5.189200 -1.000000
5.194600 -1.000000
5.200000 -1.000000
